4294967294,69
4294967278,356
4294967278,264
4294967278,352
4294967278,351
4294967279,525
4294967278,359
4294967278,350
4294967279,519
4294967279,549
4294967279,518
4294967278,354
4294967278,247
4294967278,103
4294967278,338
4294967279,315
4294967278,242
4294967278,240
4294967278,237
4294967278,232
4294967278,230
4294967278,226
4294967279,219
4294967279,215
4294967278,211
4294967279,211
4294967279,210
4294967278,207
1332,5
1332,4
4294967278,206
1332,3
1332,2
1332,1
4294967278,414
4294967294,1101
4294967294,1095
4294967279,240
1331,6
1331,5
4294967278,193
1331,4
1331,3
1331,2
1331,1
4294967278,192
4294967278,406
4294967279,187
4294967279,318
4294967278,186
4294967279,185
4294967279,184
4294967278,183
4294967279,183
4294967278,182
1328,6
1328,5
1328,4
1328,3
1328,2
1328,1
4294967279,157
4294967279,153
4294967294,406
4294967294,384
4294967294,111
4294967279,147
1325,7
1325,6
1325,5
1325,4
1325,3
1325,2
1325,1
4294967278,298
4294967279,321
4294967279,271
4294967278,285
4294967294,437
1321,6
1321,5
1321,4
1321,3
1321,2
1321,1
4294967279,284
4294967279,313
4294967279,237
4294967279,231
4294967279,229
4294967278,228
4294967294,999
4294967294,176
1318,5
1318,4
1318,3
1318,2
1318,1
4294967294,387
1316,6
1316,5
1316,4
1316,3
1316,2
1316,1
4294967278,436
4294967278,340
4294967278,383
4294967279,311
4294967279,182
4294967279,234
4294967278,382
1313,5
4294967278,179
1313,4
1313,3
1313,2
1313,1
1312,5
1312,4
1312,3
1312,2
1312,1
4294967278,403
1311,5
1311,4
1311,3
1311,2
1311,1
4294967279,310
1310,4
1310,3
1310,2
1310,1
4294967294,418
4294967294,449
4294967294,464
4294967279,535
4294967278,145
4294967279,144
4294967278,133
4294967279,308
4294967278,408
4294967278,402
4294967278,333
4294967279,258
4294967278,319
4294967279,253
4294967278,418
4294967278,337
4294967278,374
4294967279,304
4294967278,443
4294967279,344
4294967278,336
4294967278,132
4294967278,126
4294967278,124
4294967278,119
4294967278,445
4294967278,114
4294967278,323
4294967278,444
4294967278,109
4294967278,106
4294967278,105
4294967278,96
4294967278,326
4294967278,95
4294967278,94
4294967278,92
4294967278,81
4294967278,80
4294967278,79
4294967278,69
4294967278,221
4294967279,81
4294967279,62
4294967279,45
4294967279,174
4294967279,34
4294967279,25
4294967279,324
4294967279,542
4294967279,14
4294967279,12
4294967278,99
4294967279,300
4294967279,2
4294967279,78
4294967279,375
1309,5
1309,4
1309,3
1309,2
1309,1
4294967279,71
4294967294,424
4294967278,67
4294967279,299
1308,7
1308,6
1308,5
1308,4
1308,2
1308,1
1307,4
1307,3
1307,2
1307,1
4294967294,469
4294967294,1009
1306,4
1306,3
1306,2
1306,1
4294967279,512
1305,6
1305,5
1305,4
1305,3
1305,2
1305,1
4294967279,362
4294967278,335
4294967279,232
4294967278,332
4294967279,27
4294967279,20
4294967279,278
4294967278,331
4294967279,298
4294967279,296
4294967278,330
4294967279,6
4294967279,4
4294967278,342
4294967279,521
4294967279,520
1300,6
1300,5
1300,4
1300,2
1300,1
4294967279,552
4294967279,320
4294967278,250
4294967278,316
4294967278,238
4294967279,241
4294967278,236
4294967279,225
4294967278,224
4294967278,327
4294967279,534
4294967279,295
4294967294,413
4294967294,414
4294967294,403
4294967294,412
4294967294,410
4294967294,454
1293,6
1293,5
1293,4
1293,2
1293,1
4294967278,417
1290,5
1290,4
1290,3
1290,2
1290,1
4294967278,378
4294967279,563
1288,6
1288,5
1288,4
1288,2
1288,1
4294967279,544
4294967278,325
4294967278,324
1285,5
1285,4
1285,3
1285,2
1285,1
4294967279,251
1284,5
1284,4
1284,3
1284,2
1284,1
1283,5
1283,4
1283,3
1283,2
1283,1
1282,4
4294967278,244
1282,3
1282,2
1282,1
4294967279,243
4294967279,303
4294967278,365
4294967279,242
4294967294,385
4294967294,147
4294967294,180
4294967294,462
4294967278,218
4294967279,217
4294967278,214
4294967279,547
4294967278,213
4294967279,213
4294967279,212
4294967279,314
4294967279,206
4294967279,268
4294967279,280
4294967278,191
4294967279,536
1281,5
1281,4
1281,3
1281,2
1281,1
1280,7
1280,6
1280,5
1280,4
1280,2
1280,1
4294967278,162
1279,4
1279,3
1279,2
1279,1
1278,4
1278,3
1278,2
1278,1
1277,6
1277,5
1277,4
1277,3
1277,2
1277,1
4294967279,218
4294967278,353
4294967279,139
4294967279,252
4294967294,185
4294967294,401
4294967294,1094
4294967279,543
1272,6
1272,5
1272,4
1272,2
1272,1
4294967279,527
4294967294,390
4294967279,538
4294967279,223
4294967279,221
4294967278,318
4294967278,366
4294967279,355
4294967279,192
4294967279,191
4294967278,189
4294967278,188
4294967278,187
4294967278,184
4294967279,176
4294967279,169
4294967278,171
1265,6
4294967279,171
1265,5
4294967278,170
1265,4
1265,2
1265,1
4294967278,165
4294967278,163
4294967279,159
4294967279,289
4294967294,107
4294967294,395
4294967294,409
4294967294,420
4294967294,167
4294967294,191
4294967294,450
4294967294,411
4294967278,315
4294967279,288
4294967279,150
1262,5
1262,4
4294967279,145
1262,3
1262,2
1262,1
4294967279,259
4294967278,142
4294967279,558
4294967278,432
4294967294,38
4294967294,37
4294967294,149
4294967294,1011
4294967294,1006
4294967278,136
4294967278,135
4294967279,134
1260,6
1260,5
4294967279,270
1260,4
1260,2
1260,1
4294967278,314
4294967278,269
4294967278,268
4294967278,281
4294967278,265
4294967294,40
4294967278,278
1257,5
4294967294,76
1257,4
1257,3
1257,2
1257,1
4294967279,286
4294967278,313
1256,5
1256,4
1256,3
1256,2
1256,1
4294967279,247
1255,5
1255,4
1255,3
1255,2
1255,1
1254,4
1254,3
1254,2
1254,1
4294967294,1
4294967294,42
4294967294,43
4294967294,45
4294967294,52
4294967294,427
4294967294,51
4294967294,87
4294967294,86
4294967294,163
4294967294,996
4294967294,392
4294967294,84
4294967279,209
4294967278,202
4294967294,82
4294967294,68
4294967278,235
4294967278,312
4294967279,357
4294967278,415
4294967278,311
4294967278,141
1253,5
1253,4
1253,3
1253,2
1253,1
4294967279,540
4294967278,343
4294967278,305
4294967278,412
4294967278,303
4294967278,404
4294967278,86
4294967278,88
4294967278,78
4294967278,77
4294967278,70
4294967278,429
4294967279,222
4294967279,88
4294967279,220
4294967294,394
4294967278,261
4294967279,524
1252,7
1252,6
4294967279,522
1252,5
1252,4
1252,2
1252,1
4294967294,83
4294967294,36
4294967294,39
1251,4
1251,3
1251,2
1251,1
4294967278,310
1250,4
1250,3
1250,2
1250,1
4294967278,309
4294967278,2
4294967279,274
4294967279,239
1249,6
1249,5
1249,4
1249,3
1249,2
1249,1
4294967294,99
4294967278,91
4294967278,346
4294967294,91
4294967294,90
4294967279,208
4294967278,203
4294967279,205
4294967278,204
4294967278,308
4294967278,87
4294967279,200
4294967278,198
4294967278,307
4294967278,197
4294967278,196
4294967278,195
4294967279,195
4294967278,194
4294967279,194
4294967279,269
4294967294,178
4294967294,407
4294967294,415
4294967294,461
4294967294,400
4294967278,377
1244,6
1244,5
1244,4
1244,2
1244,1
4294967294,120
4294967278,176
4294967279,331
4294967279,175
4294967294,417
4294967294,1415
4294967278,169
4294967278,164
4294967279,260
4294967294,388
4294967279,332
4294967279,383
4294967278,413
4294967279,305
4294967278,150
4294967294,151
4294967278,149
4294967294,1418
4294967294,1092
4294967294,995
4294967279,293
4294967278,389
4294967294,5
4294967279,382
4294967278,334
4294967279,138
4294967279,272
4294967294,510
4294967278,276
4294967278,306
4294967278,288
4294967278,387
4294967279,263
4294967279,262
4294967278,219
1237,6
1237,5
1237,4
4294967279,256
1237,2
1237,1
4294967278,262
4294967279,380
4294967279,379
4294967279,523
4294967278,373
4294967294,1098
4294967279,250
4294967279,249
4294967279,248
4294967279,236
4294967279,235
1234,5
4294967278,234
1234,4
1234,3
1234,2
